0.46776861208236215,0.006988832145619051
0.7462698589743592,0.010444430534708816
